90000,1
90001,1
90002,1
90003,1
90004,1
90005,1
90006,1
90007,1
90008,1
90009,1
90010,1
90011,1
90012,1
90013,1
90014,1
90015,1
90016,1
90017,1
90018,1
90019,1
90020,1
90021,1
90022,1
90023,1
90024,1
90025,1
90026,1
90027,1
90028,1
90029,1
90030,1
90031,1
90032,1
90033,1
90034,1
90035,1
90036,1
90037,1
90038,1
90039,1
90040,1
90041,1
90042,1
90043,1
90044,1
90045,1
90046,1
90047,1
90048,1
90049,1
90050,1
90051,1
90052,1
90053,1
90054,1
90055,1
90056,1
90057,1
90058,1
90059,1
90060,1
90061,1
90062,1
90063,1
90064,1
90065,1
90066,1
90067,1
90068,1
90069,1
90070,1
90071,1
90072,1
90073,1
90074,1
90075,1
90076,1
90077,1
90078,1
90079,1
90080,1
90081,1
90082,1
90083,1
90084,1
90085,1
90086,1
90087,1
90088,1
90089,1
90090,1