18189876545678987657,1
18189876545678987658,1
18189876545678987659,1
18189876545678987660,1
18189876545678987661,1
18189876545678987662,1
18189876545678987663,1
18189876545678987664,1
18189876545678987665,1
18189876545678987666,1
18189876545678987667,1
18189876545678987668,1
18189876545678987669,1
18189876545678987670,1
18189876545678987671,1
18189876545678987672,1
18189876545678987673,1
18189876545678987674,1
18189876545678987675,1
18189876545678987676,1
18189876545678987677,1
18189876545678987678,1
18189876545678987679,1
18189876545678987680,1
18189876545678987681,1
18189876545678987682,1
18189876545678987683,1
18189876545678987684,1
18189876545678987685,1
18189876545678987686,1
18189876545678987687,1