19087,1
19088,1
19089,1
19090,1
19091,1
19092,1
19093,1
19094,1
19095,1
19096,1
19097,1
19098,1
19099,1
19100,1
19101,1
19102,1
19103,1
19104,1
19105,1
19106,1
19107,1
19108,1
19109,1
19110,1
19111,1
19112,1
19113,1
19114,1
19115,1
19116,1
19117,1
19118,1
19119,1
19120,1
19121,1
19122,1
19123,1
19124,1
19125,1
19126,1
19127,1
19128,1
19129,1
19130,1
19131,1
19132,1
19133,1
19134,1
19135,1
19136,1
19137,1
19138,1
19139,1
19140,1
19141,1
19142,1
19143,1
19144,1
19145,1
19146,1
19147,1
19148,1
19149,1
19150,1
19151,1
19152,1
19153,1
19154,1
19155,1
19156,1
19157,1
19158,1
19159,1
19160,1
19161,1
19162,1
19163,1
19164,1
19165,1
19166,1
19167,1
19168,1
19169,1
19170,1
19171,1
19172,1
19173,1
19174,1
19175,1
19176,1
19177,1
19178,1
19179,1
19180,1
19181,1
19182,1
19183,1
19184,1
19185,1
19186,1
19187,1
19188,1
19189,1
19190,1
19191,1
19192,1
19193,1
19194,1
19195,1
19196,1
19197,1
19198,1
19199,1
19200,1
19201,1
19202,1
19203,1
19204,1
19205,1
19206,1
19207,1
19208,1
19209,1
19210,1
19211,1
19212,1
19213,1
19214,1
19215,1
19216,1
19217,1
19218,1
19219,1
19220,1
19221,1
19222,1
19223,1
19224,1
19225,1
19226,1
19227,1
19228,1
19229,1
19230,1
19231,1
19232,1
19233,1
19234,1
19235,1
19236,1
19237,1
19238,1
19239,1
19240,1
19241,1
19242,1
19243,1
19244,1
19245,1
19246,1
19247,1
19248,1
19249,1
19250,1
19251,1
19252,1
19253,1
19254,1
19255,1
19256,1
19257,1
19258,1
19259,1
19260,1
19261,1
19262,1
19263,1
19264,1
19265,1
19266,1
19267,1
19268,1
19269,1
19270,1
19271,1
19272,1
19273,1
19274,1
19275,1
19276,1
19277,1
19278,1
19279,1
19280,1
19281,1
19282,1
19283,1
19284,1
19285,1
19286,1
19287,1
19288,1
19289,1
19290,1
19291,1
19292,1
19293,1
19294,1
19295,1
19296,1
19297,1
19298,1
19299,1
19300,1
19301,1
19302,1
19303,1
19304,1
19305,1
19306,1
19307,1
19308,1
19309,1
19310,1
19311,1
19312,1
19313,1
19314,1
19315,1
19316,1
19317,1
19318,1
19319,1
19320,1
19321,1
19322,1
19323,1
19324,1
19325,1
19326,1
19327,1
19328,1
19329,1
19330,1
19331,1
19332,1
19333,1
19334,1
19335,1
19336,1
19337,1
19338,1
19339,1
19340,1
19341,1
19342,1
19343,1
19344,1
19345,1
19346,1
19347,1
19348,1
19349,1
19350,1
19351,1
19352,1
19353,1
19354,1
19355,1
19356,1
19357,1
19358,1
19359,1
19360,1
19361,1
19362,1
19363,1
19364,1
19365,1
19366,1
19367,1
19368,1
19369,1
19370,1
19371,1
19372,1
19373,1
19374,1
19375,1
19376,1
19377,1
19378,1
19379,1
19380,1
19381,1
19382,1
19383,1
19384,1
19385,1
19386,1
19387,1