180995,1
180996,1
180997,1
180998,1
180999,1
181000,1
181001,1
181002,1
181003,1
181004,1
181005,1
181006,1
181007,1
181008,1
181009,1
181010,1
181011,1
181012,1
181013,1
181014,1
181015,1
181016,1
181017,1
181018,1
181019,1
181020,1
181021,1
181022,1
181023,1
181024,1
181025,1
181026,1
181027,1
181028,1
181029,1
181030,1
181031,1
181032,1
181033,1
181034,1
181035,1
181036,1
181037,1
181038,1
181039,1
181040,1
181041,1
181042,1
181043,1
181044,1
181045,1
181046,1
181047,1
181048,1
181049,1
181050,1
181051,1
181052,1
181053,1
181054,1
181055,1
181056,1
181057,1
181058,1
181059,1
181060,1
181061,1
181062,1
181063,1
181064,1
181065,1
181066,1
181067,1
181068,1
181069,1
181070,1
181071,1
181072,1
181073,1
181074,1
181075,1
181076,1
181077,1
181078,1
181079,1
181080,1
181081,1
181082,1
181083,1
181084,1
181085,1
181086,1
181087,1
181088,1
181089,1
181090,1
181091,1
181092,1
181093,1
181094,1
181095,1